1476532747
1476620047
1476620947
1476621847
1476622747
1476580447
1476581347
1476582247
1476583147
1476584047
1476584947
1476585847
1476586747
1476587647
1476588547
1476589447
1476590347
1476591247
1476592147
1476593047
1476593947
1476594847
1476595747
1476596647
1476597547
1476598447
1476599347
1476600247
1476601147
1476602047
1476602947
1476603847
1476604747
1476605647
1476606547
1476607447
1476608347
1476609247
1476610147
1476611047
1476611947
1476612847
1476613747
1476614647
1476615547
1476616447
1476617347
1476618247
1476619147
1476620047
1476620947
1476621847
1476622747
1476580447
1476581347
1476582247
1476583147
1476584047
1476584947
1476585847
1476586747
1476587647
1476588547
1476589447
1476590347
1476591247
1476592147
1476593047
1476593947
1476594847
1476595747
1476596647
1476597547
1476598447
1476599347
1476600247
1476601147
1476602047
1476602947
1476603847
1476604747
1476605647
1476606547
1476607447
1476608347
1476609247
1476610147
1476611047
1476611947
1476612847
1476613747
1476614647
1476615547
1476616447
1476617347
1476618247
1476619147
1476706447
1476707347
1476708247
1476709147
1476666847
1476667747
1476668647
1476669547
1476670447
1476671347
1476672247
1476673147
1476674047
1476674947
1476675847
1476676747
1476677647
1476678547
1476679447
1476680347
1476681247
1476682147
1476683047
1476683947
1476684847
1476685747
1476686647
1476687547
1476688447
1476689347
1476690247
1476691147
1476692047
1476692947
1476693847
1476694747
1476695647
1476696547
1476697447
1476698347
1476699247
1476700147
1476701047
1476701947
1476702847
1476703747
1476704647
1476705547
1476706447
1476707347
1476708247
1476709147
1476666847
1476667747
1476668647
1476669547
1476670447
1476671347
1476672247
1476673147
1476674047
1476674947
1476675847
1476676747
1476677647
1476678547
1476679447
1476680347
1476681247
1476682147
1476683047
1476683947
1476684847
1476685747
1476686647
1476687547
1476688447
1476689347
1476690247
1476691147
1476692047
1476692947
1476693847
1476694747
1476695647
1476696547
1476697447
1476698347
1476699247
1476700147
1476701047
1476701947
1476702847
1476703747
1476704647
1476705547
1476792847
1476793747
1476794647
1476795547
1476753247
1476754147
1476755047
1476755947
1476756847
1476757747
1476758647
1476759547
1476760447
1476761347
1476762247
1476763147
1476764047
1476764947
1476765847
1476766747
1476767647
1476768547
1476769447
1476770347
1476771247
1476772147
1476773047
1476773947
1476774847
1476775747
1476776647
1476777547
1476778447
1476779347
1476780247
1476781147
1476782047
1476782947
1476783847
1476784747
1476785647
1476786547
1476787447
1476788347
1476789247
1476790147
1476791047
1476791947
1476792847
1476793747
1476794647
1476795547
1476753247
1476754147
1476755047
1476755947
1476756847
1476757747
1476758647
1476759547
1476760447
1476761347
1476762247
1476763147
1476764047
1476764947
1476765847
1476766747
1476767647
1476768547
1476769447
1476770347
1476771247
1476772147
1476773047
1476773947
1476774847
1476775747
1476776647
1476777547
1476778447
1476779347
1476780247
1476781147
1476782047
1476782947
1476783847
1476784747
1476785647
1476786547
1476787447
1476788347
1476789247
1476790147
1476791047
1476791947
1476879247
1476880147
1476881047
1476881947
1476839647
1476840547
1476841447
1476842347
1476843247
1476844147
1476845047
1476845947
1476846847
1476847747
1476848647
1476849547
1476850447
1476851347
1476852247
1476853147
1476854047
1476854947
1476855847
1476856747
1476857647
1476858547
1476859447
1476860347
1476861247
1476862147
1476863047
1476863947
1476864847
1476865747
1476866647
1476867547
1476868447
1476869347
1476870247
1476871147
1476872047
1476872947
1476873847
1476874747
1476875647
1476876547
1476877447
1476878347
1476879247
1476880147
1476881047
1476881947
1476839647
1476840547
1476841447
1476842347
1476843247
1476844147
1476845047
1476845947
1476846847
1476847747
1476848647
1476849547
1476850447
1476851347
1476852247
1476853147
1476854047
1476854947
1476855847
1476856747
1476857647
1476858547
1476859447
1476860347
1476861247
1476862147
1476863047
1476863947
1476864847
1476865747
1476866647
1476867547
1476868447
1476869347
1476870247
1476871147
1476872047
1476872947
1476873847
1476874747
1476875647
1476876547
1476877447
1476878347
1476965647
1476966547
1476967447
1476968347
1476926047
1476926947
1476927847
1476928747
1476929647
1476930547
1476931447
1476932347
1476933247
1476934147
1476935047
1476935947
1476936847
1476937747
1476938647
1476939547
1476940447
1476941347
1476942247
1476943147
1476944047
1476944947
1476945847
1476946747
1476947647
1476948547
1476949447
1476950347
1476951247
1476952147
1476953047
1476953947
1476954847
1476955747
1476956647
1476957547
1476958447
1476959347
1476960247
1476961147
1476962047
1476962947
1476963847
1476964747
1476965647
1476966547
1476967447
1476968347
1476926047
1476926947
1476927847
1476928747
1476929647
1476930547
1476931447
1476932347
1476933247
1476934147
1476935047
1476935947
1476936847
1476937747
1476938647
1476939547
1476940447
1476941347
1476942247
1476943147
1476944047
1476944947
1476945847
1476946747
1476947647
1476948547
1476949447
1476950347
1476951247
1476952147
1476953047
1476953947
1476954847
1476955747
1476956647
1476957547
1476958447
1476959347
1476960247
1476961147
1476962047
1476962947
1476963847
1476964747
1477052047
1477052947
1477053847
1477054747
1477012447
1477013347
1477014247
1477015147
1477016047
1477016947
1477017847
1477018747
1477019647
1477020547
1477021447
1477022347
1477023247
1477024147
1477025047
1477025947
1477026847
1477027747
1477028647
1477029547
1477030447
1477031347
1477032247
1477033147
1477034047
1477034947
1477035847
1477036747
1477037647
1477038547
1477039447
1477040347
1477041247
1477042147
1477043047
1477043947
1477044847
1477045747
1477046647
1477047547
1477048447
1477049347
1477050247
1477051147
1477052047
1477052947
1477053847
1477054747
1477012447
1477013347
1477014247
1477015147
1477016047
1477016947
1477017847
1477018747
1477019647
1477020547
1477021447
1477022347
1477023247
1477024147
1477025047
1477025947
1477026847
1477027747
1477028647
1477029547
1477030447
1477031347
1477032247
1477033147
1477034047
1477034947
1477035847
1477036747
1477037647
1477038547
1477039447
1477040347
1477041247
1477042147
1477043047
1477043947
1477044847
1477045747
1477046647
1477047547
1477048447
1477049347
1477050247
1477051147
1477138447
1477139347
1477140247
1477141147
1477098847
1477099747
1477100647
1477101547
1477102447
1477103347
1477104247
1477105147
1477106047
1477106947
1477107847
1477108747
1477109647
1477110547
1477111447
1477112347
1477113247
1477114147
1477115047
1477115947
1477116847
1477117747
1477118647
1477119547
1477120447
1477121347
1477122247
1477123147
1477124047
1477124947
1477125847
1477126747
1477127647
1477128547
1477129447
1477130347
1477131247
1477132147
1477133047
1477133947
1477134847
1477135747
1477136647
1477137547
1477138447
1477139347
1477140247
1477141147
1477098847
1477099747
1477100647
1477101547
1477102447
1477103347
1477104247
1477105147
1477106047
1477106947
1477107847
1477108747
1477109647
1477110547
1477111447
1477112347
1477113247
1477114147
1477115047
1477115947
1477116847
1477117747
1477118647
1477119547
1477120447
1477121347
1477122247
1477123147
1477124047
1477124947
1477125847
1477126747
1477127647
1477128547
1477129447
1477130347
1477131247
1477132147
1477133047
1477133947
1477134847
1477135747
1477136647
1477137547
1477224847
1477225747
1477226647
1477227547
1477185247
1477186147
1477187047
1477187947
1477188847
1477189747
1477190647
1477191547
1477192447
1477193347
1477194247
1477195147
1477196047
1477196947
1477197847
1477198747
1477199647
1477200547
1477201447
1477202347
1477203247
1477204147
1477205047
1477205947
1477206847
1477207747
1477208647
1477209547
1477210447
1477211347
1477212247
1477213147
1477214047
1477214947
1477215847
1477216747
1477217647
1477218547
1477219447
1477220347
1477221247
1477222147
1477223047
1477223947
1477224847
1477225747
1477226647
1477227547
1477185247
1477186147
1477187047
1477187947
1477188847
1477189747
1477190647
1477191547
1477192447
1477193347
1477194247
1477195147
1477196047
1477196947
1477197847
1477198747
1477199647
1477200547
1477201447
1477202347
1477203247
1477204147
1477205047
1477205947
1477206847
1477207747
1477208647
1477209547
1477210447
1477211347
1477212247
1477213147
1477214047
1477214947
1477215847
1477216747
1477217647
1477218547
1477219447
1477220347
1477221247
1477222147
1477223047
1477223947
1477311247
1477312147
1477313047
1477313947
1477271647
1477272547
1477273447
1477274347
1477275247
1477276147
1477277047
1477277947
1477278847
1477279747
1477280647
1477281547
1477282447
1477283347
1477284247
1477285147
1477286047
1477286947
1477287847
1477288747
1477289647
1477290547
1477291447
1477292347
1477293247
1477294147
1477295047
1477295947
1477296847
1477297747
1477298647
1477299547
1477300447
1477301347
1477302247
1477303147
1477304047
1477304947
1477305847
1477306747
1477307647
1477308547
1477309447
1477310347
1477311247
1477312147
1477313047
1477313947
1477271647
1477272547
1477273447
1477274347
1477275247
1477276147
1477277047
1477277947
1477278847
1477279747
1477280647
1477281547
1477282447
1477283347
1477284247
1477285147
1477286047
1477286947
1477287847
1477288747
1477289647
1477290547
1477291447
1477292347
1477293247
1477294147
1477295047
1477295947
1477296847
1477297747
1477298647
1477299547
1477300447
1477301347
1477302247
1477303147
1477304047
1477304947
1477305847
1477306747
1477307647
1477308547
1477309447
1477310347
1477397647
1477398547
1477399447
1477400347
1477358047
1477358947
1477359847
1477360747
1477361647
1477362547
1477363447
1477364347
1477365247
1477366147
1477367047
1477367947
1477368847
1477369747
1477370647
1477371547
1477372447
1477373347
1477374247
1477375147
1477376047
1477376947
1477377847
1477378747
1477379647
1477380547
1477381447
1477382347
1477383247
1477384147
1477385047
1477385947
1477386847
1477387747
1477388647
1477389547
1477390447
1477391347
1477392247
1477393147
1477394047
1477394947
1477395847
1477396747
1477397647
1477398547
1477399447
1477400347
1477358047
1477358947
1477359847
1477360747
1477361647
1477362547
1477363447
1477364347
1477365247
1477366147
1477367047
1477367947
1477368847
1477369747
1477370647
1477371547
1477372447
1477373347
1477374247
1477375147
1477376047
1477376947
1477377847
1477378747
1477379647
1477380547
1477381447
1477382347
1477383247
1477384147
1477385047
1477385947
1477386847
1477387747
1477388647
1477389547
1477390447
1477391347
1477392247
1477393147
1477394047
1477394947
1477395847
1477396747
1477484047
1477484947
1477485847
1477486747
1477444447
1477445347
1477446247
1477447147
1477448047
1477448947
1477449847
1477450747
1477451647
1477452547
1477453447
1477454347
1477455247
1477456147
1477457047
1477457947
1477458847
1477459747
1477460647
1477461547
1477462447
1477463347
1477464247
1477465147
1477466047
1477466947
1477467847
1477468747
1477469647
1477470547
1477471447
1477472347
1477473247
1477474147
1477475047
1477475947
1477476847
1477477747
1477478647
1477479547
1477480447
1477481347
1477482247
1477483147
1477484047
1477484947
1477485847
1477486747
1477444447
1477445347
1477446247
1477447147
1477448047
1477448947
1477449847
1477450747
1477451647
1477452547
1477453447
1477454347
1477455247
1477456147
1477457047
1477457947
1477458847
1477459747
1477460647
1477461547
1477462447
1477463347
1477464247
1477465147
1477466047
1477466947
1477467847
1477468747
1477469647
1477470547
1477471447
1477472347
1477473247
1477474147
1477475047
1477475947
1477476847
1477477747
1477478647
1477479547
1477480447
1477481347
1477482247
1477483147
1477570447
1477571347
1477572247
1477573147
1477530847
1477531747
1477532647
1477533547
1477534447
1477535347
1477536247
1477537147
1477538047
1477538947
1477539847
1477540747
1477541647
1477542547
1477543447
1477544347
1477545247
1477546147
1477547047
1477547947
1477548847
1477549747
1477550647
1477551547
1477552447
1477553347
1477554247
1477555147
1477556047
1477556947
1477557847
1477558747
1477559647
1477560547
1477561447
1477562347
1477563247
1477564147
1477565047
1477565947
1477566847
1477567747
1477568647
1477569547
1477570447
1477571347
1477572247
1477573147
1477530847
1477531747
1477532647
1477533547
1477534447
1477535347
1477536247
1477537147
1477538047
1477538947
1477539847
1477540747
1477541647
1477542547
1477543447
1477544347
1477545247
1477546147
1477547047
1477547947
1477548847
1477549747
1477550647
1477551547
1477552447
1477553347
1477554247
1477555147
1477556047
1477556947
1477557847
1477558747
1477559647
1477560547
1477561447
1477562347
1477563247
1477564147
1477565047
1477565947
1477566847
1477567747
1477568647
1477569547
1477656847
1477657747
1477658647
1477659547
1477617247
1477618147
1477619047
1477619947
1477620847
1477621747
1477622647
1477623547
1477624447
1477625347
1477626247
1477627147
1477628047
1477628947
1477629847
1477630747
1477631647
1477632547
1477633447
1477634347
1477635247
1477636147
1477637047
1477637947
1477638847
1477639747
1477640647
1477641547
1477642447
1477643347
1477644247
1477645147
1477646047
1477646947
1477647847
1477648747
1477649647
1477650547
1477651447
1477652347
1477653247
1477654147
1477655047
1477655947
1477656847
1477657747
1477658647
1477659547
1477617247
1477618147
1477619047
1477619947
1477620847
1477621747
1477622647
1477623547
1477624447
1477625347
1477626247
1477627147
1477628047
1477628947
1477629847
1477630747
1477631647
1477632547
1477633447
1477634347
1477635247
1477636147
1477637047
1477637947
1477638847
1477639747
1477640647
1477641547
1477642447
1477643347
1477644247
1477645147
1477646047
1477646947
1477647847
1477648747
1477649647
1477650547
1477651447
1477652347
1477653247
1477654147
1477655047
1477655947
1477743247
1477744147
1477745047
1477745947
1477703647
1477704547
1477705447
1477706347
1477707247
1477708147
1477709047
1477709947
1477710847
1477711747
1477712647
1477713547
1477714447
1477715347
1477716247
1477717147
1477718047
1477718947
1477719847
1477720747
1477721647
1477722547
1477723447
1477724347
1477725247
1477726147
1477727047
1477727947
1477728847
1477729747
1477730647
1477731547
1477732447
1477733347
1477734247
1477735147
1477736047
1477736947
1477737847
1477738747
1477739647
1477740547
1477741447
1477742347
1477743247
1477744147
1477745047
1477745947
1477703647
1477704547
1477705447
1477706347
1477707247
1477708147
1477709047
1477709947
1477710847
1477711747
1477712647
1477713547
1477714447
1477715347
1477716247
1477717147
1477718047
1477718947
1477719847
1477720747
1477721647
1477722547
1477723447
1477724347
1477725247
1477726147
1477727047
1477727947
1477728847
1477729747
1477730647
1477731547
1477732447
1477733347
1477734247
1477735147
1477736047
1477736947
1477737847
1477738747
1477739647
1477740547
1477741447
1477742347
1477829647
1477830547
1477831447
1477832347
1477790047
1477790947
1477791847
1477792747
1477793647
1477794547
1477795447
1477796347
1477797247
1477798147
1477799047
1477799947
1477800847
1477801747
1477802647
1477803547
1477804447
1477805347
1477806247
1477807147
1477808047
1477808947
1477809847
1477810747
1477811647
1477812547
1477813447
1477814347
1477815247
1477816147
1477817047
1477817947
1477818847
1477819747
1477820647
1477821547
1477822447
1477823347
1477824247
1477825147
1477826047
1477826947
1477827847
1477828747
1477829647
1477830547
1477831447
1477832347
1477790047
1477790947
1477791847
1477792747
1477793647
1477794547
1477795447
1477796347
1477797247
1477798147
1477799047
1477799947
1477800847
1477801747
1477802647
1477803547
1477804447
1477805347
1477806247
1477807147
1477808047
1477808947
1477809847
1477810747
1477811647
1477812547
1477813447
1477814347
1477815247
1477816147
1477817047
1477817947
1477818847
1477819747
1477820647
1477821547
1477822447
1477823347
1477824247
1477825147
1477826047
1477826947
1477827847
1477828747
1477916047
1477916947
1477917847
1477918747
1477876447
1477877347
1477878247
1477879147
1477880047
1477880947
1477881847
1477882747
1477883647
1477884547
1477885447
1477886347
1477887247
1477888147
1477889047
1477889947
1477890847
1477891747
1477892647
1477893547
1477894447
1477895347
1477896247
1477897147
1477898047
1477898947
1477899847
1477900747
1477901647
1477902547
1477903447
1477904347
1477905247
1477906147
1477907047
1477907947
1477908847
1477909747
1477910647
1477911547
1477912447
1477913347
1477914247
1477915147
1477916047
1477916947
1477917847
1477918747
1477876447
1477877347
1477878247
1477879147
1477880047
1477880947
1477881847
1477882747
1477883647
1477884547
1477885447
1477886347
1477887247
1477888147
1477889047
1477889947
1477890847
1477891747
1477892647
1477893547
1477894447
1477895347
1477896247
1477897147
1477898047
1477898947
1477899847
1477900747
1477901647
1477902547
1477903447
1477904347
1477905247
1477906147
1477907047
1477907947
1477908847
1477909747
1477910647
1477911547
1477912447
1477913347
1477914247
1477915147
1478002447
1478003347
1478004247
1478005147
1477962847
1477963747
1477964647
1477965547
1477966447
1477967347
1477968247
1477969147
1477970047
1477970947
1477971847
1477972747
1477973647
1477974547
1477975447
1477976347
1477977247
1477978147
1477979047
1477979947
1477980847
1477981747
1477982647
1477983547
1477984447
1477985347
1477986247
1477987147
1477988047
1477988947
1477989847
1477990747
1477991647
1477992547
1477993447
1477994347
1477995247
1477996147
1477997047
1477997947
1477998847
1477999747
1478000647
1478001547
1478002447
1478003347
1478004247
1478005147
1477962847
1477963747
1477964647
1477965547
1477966447
1477967347
1477968247
1477969147
1477970047
1477970947
1477971847
1477972747
1477973647
1477974547
1477975447
1477976347
1477977247
1477978147
1477979047
1477979947
1477980847
1477981747
1477982647
1477983547
1477984447
1477985347
1477986247
1477987147
1477988047
1477988947
1477989847
1477990747
1477991647
1477992547
1477993447
1477994347
1477995247
1477996147
1477997047
1477997947
1477998847
1477999747
1478000647
1478001547
1478088847
1478089747
1478090647
1478091547
1478049247
1478050147
1478051047
1478051947
1478052847
1478053747
1478054647
1478055547
1478056447
1478057347
1478058247
1478059147
1478060047
1478060947
1478061847
1478062747
1478063647
1478064547
1478065447
1478066347
1478067247
1478068147
1478069047
1478069947
1478070847
1478071747
1478072647
1478073547
1478074447
1478075347
1478076247
1478077147
1478078047
1478078947
1478079847
1478080747
1478081647
1478082547
1478083447
1478084347
1478085247
1478086147
1478087047
1478087947
1478088847
1478089747
1478090647
1478091547
1478049247
1478050147
1478051047
1478051947
1478052847
1478053747
1478054647
1478055547
1478056447
1478057347
1478058247
1478059147
1478060047
1478060947
1478061847
1478062747
1478063647
1478064547
1478065447
1478066347
1478067247
1478068147
1478069047
1478069947
1478070847
1478071747
1478072647
1478073547
1478074447
1478075347
1478076247
1478077147
1478078047
1478078947
1478079847
1478080747
1478081647
1478082547
1478083447
1478084347
1478085247
1478086147
1478087047
1478087947
1478175247
1478176147
1478177047
1478177947
1478135647
1478136547
1478137447
1478138347
1478139247
1478140147
1478141047
1478141947
1478142847
1478143747
1478144647
1478145547
1478146447
1478147347
1478148247
1478149147
1478150047
1478150947
1478151847
1478152747
1478153647
1478154547
1478155447
1478156347
1478157247
1478158147
1478159047
1478159947
1478160847
1478161747
1478162647
1478163547
1478164447
1478165347
1478166247
1478167147
1478168047
1478168947
1478169847
1478170747
1478171647
1478172547
1478173447
1478174347
1478175247
1478176147
1478177047
1478177947
1478135647
1478136547
1478137447
1478138347
1478139247
1478140147
1478141047
1478141947
1478142847
1478143747
1478144647
1478145547
1478146447
1478147347
1478148247
1478149147
1478150047
1478150947
1478151847
1478152747
1478153647
1478154547
1478155447
1478156347
1478157247
1478158147
1478159047
1478159947
1478160847
1478161747
1478162647
1478163547
1478164447
1478165347
1478166247
1478167147
1478168047
1478168947
1478169847
1478170747
1478171647
1478172547
1478173447
1478174347
1478261647
1478262547
1478263447
1478264347
1478222047
1478222947
1478223847
1478224747
1478225647
1478226547
1478227447
1478228347
1478229247
1478230147
1478231047
1478231947
1478232847
1478233747
1478234647
1478235547
1478236447
1478237347
1478238247
1478239147
1478240047
1478240947
1478241847
1478242747
1478243647
1478244547
1478245447
1478246347
1478247247
1478248147
1478249047
1478249947
1478250847
1478251747
1478252647
1478253547
1478254447
1478255347
1478256247
1478257147
1478258047
1478258947
1478259847
1478260747
1478261647
1478262547
1478263447
1478264347
1478222047
1478222947
1478223847
1478224747
1478225647
1478226547
1478227447
1478228347
1478229247
1478230147
1478231047
1478231947
1478232847
1478233747
1478234647
1478235547
1478236447
1478237347
1478238247
1478239147
1478240047
1478240947
1478241847
1478242747
1478243647
1478244547
1478245447
1478246347
1478247247
1478248147
1478249047
1478249947
1478250847
1478251747
1478252647
1478253547
1478254447
1478255347
1478256247
1478257147
1478258047
1478258947
1478259847
1478260747
1478348047
1478348947
1478349847
1478350747
1478308447
1478309347
1478310247
1478311147
1478312047
1478312947
1478313847
1478314747
1478315647
1478316547
1478317447
1478318347
1478319247
1478320147
1478321047
1478321947
1478322847
1478323747
1478324647
1478325547
1478326447
1478327347
1478328247
1478329147
1478330047
1478330947
1478331847
1478332747
1478333647
1478334547
1478335447
1478336347
1478337247
1478338147
1478339047
1478339947
1478340847
1478341747
1478342647
1478343547
1478344447
1478345347
1478346247
1478347147
1478348047
1478348947
1478349847
1478350747
1478308447
1478309347
1478310247
1478311147
1478312047
1478312947
1478313847
1478314747
1478315647
1478316547
1478317447
1478318347
1478319247
1478320147
1478321047
1478321947
1478322847
1478323747
1478324647
1478325547
1478326447
1478327347
1478328247
1478329147
1478330047
1478330947
1478331847
1478332747
1478333647
1478334547
1478335447
1478336347
1478337247
1478338147
1478339047
1478339947
1478340847
1478341747
1478342647
1478343547
1478344447
1478345347
1478346247
1478347147
1478434447
1478435347
1478436247
1478437147
1478394847
1478395747
1478396647
1478397547
1478398447
1478399347
1478400247
1478401147
1478402047
1478402947
1478403847
1478404747
1478405647
1478406547
1478407447
1478408347
1478409247
1478410147
1478411047
1478411947
1478412847
1478413747
1478414647
1478415547
1478416447
1478417347
1478418247
1478419147
1478420047
1478420947
1478421847
1478422747
1478423647
1478424547
1478425447
1478426347
1478427247
1478428147
1478429047
1478429947
1478430847
1478431747
1478432647
